7173358973305818373
7168753444130458885
7150454069646183722
7171860374822653226
7161456357810441478
7160620878546341125
7149978807242509614
7167883550518234373
7158946290896850218
7151846104500276486
7170065267924405510
7136435709870689541
7148121046435056901
7177403712959220998
7146879001158618373
7148515112591150341
7162621426774658310
7163923610267176197
7153685497745886470
7163335447064677637
7148703312802630917
7174237858855685382
7165957605397974277
7162630841544232197
7159189111402679557
7159664701390245166
7156019674902318379
7176253475813182726
7135248813773573381
7174053436709670150
7170659494106615045
7170915236092939525
7178075095242378501
7173083732637682949
7165979435584195845
7164787771725434155
7170440189687434539
7167848125757934854
7169083635327356166
7149888097939983621
7151852760013606150
7144017157523836165
7155554936602758442
7174508049699327238
7155912542215245062
7177930423844998446
7173358973305818373
7168753444130458885
7150454069646183722
7171860374822653226
7161456357810441478
7160620878546341125
7149978807242509614
7167883550518234373
7158946290896850218
7151846104500276486
7170065267924405510
7136435709870689541
7148121046435056901
7177403712959220998
7146879001158618373
7148515112591150341
7162621426774658310
7163923610267176197
7153685497745886470
7163335447064677637
7148703312802630917
7174237858855685382
7165957605397974277
7162630841544232197
7159189111402679557
7159664701390245166
7156019674902318379
7176253475813182726
7135248813773573381
7174053436709670150
7170659494106615045
7170915236092939525
7178075095242378501
7173083732637682949
7165979435584195845
7164787771725434155
7170440189687434539
7167848125757934854
7169083635327356166
7149888097939983621
7151852760013606150
7144017157523836165
7155554936602758442
7174508049699327238
7155912542215245062
7177930423844998446
7163532210560142594
7159274031982660869
7153200151757098245
7141914959545503018
7169421222596431147
7153317187678145838
7165831739414236421
7175612790760164614
7153953112183573765
7170808388199124229
7176550134644346118
7179039263055482154
7170991760288648453
7161955508700794158
7175545072832875822
7129589879998074118
7158831411997461806
7140966279405407494
7162666469363289386
7153784628547947781
7170306222128778502
7148251120518040878
7155109785451433222
7174619970813463854
7176741326434864427
7158849304734698798
7153021061204954374
7133145384301481221
7161456290428914990
7167593774271745326
7163068649773747461
7132885366847196422
7166303865632017670
7166304324144876805
7139114096846212358
7161990543155744005
7166661703055265029
7164536648858963205
7170991760288648453
7160605977346149637
7161955508700794158
7175545072832875822
7129589879998074118
7158831411997461806
7140966279405407494
7162666469363289386
7145789185083919618
7153784628547947781
7170306222128778502
7141328373661371653
7169040439058697478
7161806657243090181
7177120519156665601
7151625964089478446
7171160155407633707
7150688906386754821
7135881718145289514
7177068991075110150
7161032079109672197
7160629699083914502
7170035151940979974
7168423426300906753
7169922126407896322
7142114984254917893
7153257498491899142
7171042983544917253
7144659971337129221
7137382843616988417
7158185479098141957
7177327995944733957
7161009790628449538
7134343793226059013
7168834394629623045
7147033853784280326
7165125155931327749
7162756349649079558
7131777238776794373
7148373743004323077
7152070838227864837
7173730772631702789
7172493692824063238
7165910145979927814
